0.353541
0.214690
0.655037
0.974661
0.117470
0.914899
0.792830
0.788739
0.184177
0.964331
0.333917
0.325093
0.538266
0.771260
0.474802
0.350966
0.173917
0.231825
0.298345
0.720131
0.056200
0.836355
0.299255
0.708866
0.691108
0.337291
0.398448
0.475548
0.273420
0.421402
0.983949
0.973654
0.415136
0.056915
0.074638
0.999998
0.122833
0.519029
0.591621
0.284247
0.125280
0.373701
0.568517
0.148088
0.318218
0.999992
0.388532
0.530051
0.545613
0.505029
0.999949
0.303596
0.066630
0.845712
0.665099
0.982806
0.149222
0.483313
0.312861
0.226886
0.403964
0.761588
0.293765
0.038880
0.681436
0.374801
0.999938
0.425632
0.442942
0.442744
0.681222
0.995277
0.162880
0.655505
0.120511
0.268649
0.513262
0.193659
0.999174
0.995340
0.869269
0.993420
0.319243
0.646743
0.570799
0.622470
0.862724
0.990911
0.031839
0.117437
0.803692
0.956156
0.094589
0.011202
0.869317
0.997695
0.999703
0.315573
0.999552
0.540425
0.136827
0.999492
0.499045
0.992763
0.377744
0.769899
0.999865
0.999575
0.368294
0.094589
0.193702
0.372724
0.588746
0.428064
0.394437
0.358520
0.999679
0.266926
0.992577
0.466473
0.709827
0.342935
0.999983
0.099093
0.919658
0.543846
0.473680
0.818097
0.999888
0.309754
0.999995
0.998177
0.428763
0.973930
0.024775
0.562516
0.986441
0.888451
0.625491
0.668423
0.337794
0.399108
0.254249
0.967401
0.988349
0.999928
0.999934
0.998863
0.611200
0.864051
0.421573
0.998790
0.309385
0.886274
0.976555
0.999929
0.996648
0.441073
0.163323
0.999783
0.117470
0.291218
0.445764
0.122152
0.523771
0.336798
0.416927
0.523143
0.999975
0.464900
0.999813
0.302738
0.992028
0.991162
0.533115
0.975828
0.573385
0.389220
0.169089
0.088354
0.719303
0.473364
0.996819
0.647317
0.505619
0.999668
0.872534
0.999888
0.955063
0.437640
0.512057
0.429629
0.304565
0.223980
0.423122
0.990039
0.209707
0.995650
0.975027
0.219960
0.998872
0.999755
0.156003
0.583760
0.991201
0.999485
0.522809
0.398260
0.141165
0.812192
0.999989
0.501364
0.093234
0.539472
0.999823
0.409544
0.743577
0.998604
0.769516
0.483481
0.370297
0.684882
0.325716
0.909009
0.667854
0.996464
0.856722
0.799356
0.393681
0.990289
0.237930
0.136673
0.213502
0.972383
0.154306
0.192897
0.905221
0.497555
0.381708
0.085518
0.033565
0.432331
0.557917
0.999757
0.369190
0.935490
0.999945
0.779407
0.714377
0.419044
0.999857
0.335999
0.999935
0.002685
0.994814
0.999513
0.863786
0.999875
0.195384
0.565643
0.731065
0.999715
0.606250
0.999029
0.872349
0.879815
0.995171
0.184055
0.999849
0.998751
0.999793
0.597591
0.104862
0.130803
0.284173
0.957846
0.360899
0.473724
0.379662
0.332862
0.501669
0.999232
0.134201
0.999477
0.996726
0.458483
0.333203
0.522190
0.478155
0.999986
0.252426
0.230422
0.439160
0.473772
0.919468
0.999884
0.999676
0.214323
0.157301
0.230880
0.203348
0.451415
0.413093
0.294870
0.591824
0.784346
0.271148
0.999531
0.388402
0.965445
0.577579
0.476541
0.552455
0.813387
0.999966
0.459463
0.767636
0.960497
0.999979
0.999989
0.443204
0.930016
0.082411
0.992125
0.031839
0.806897
0.943369
0.353868
0.816805
0.998998
0.218802
0.998386
0.999979
0.999285
0.348337
0.746528
0.570444
0.294008
0.757520
0.385024
0.970707
0.450636
0.655723
0.049712
0.168704
0.242341
0.999777
0.179797
0.629624
0.990286
0.965216
0.555449
0.385904
0.999994
0.664913
0.999925
0.164127
0.532081
0.142509
0.393527
0.419869
0.999977
0.375195
0.219354
0.236938
0.647054
0.999956
0.603186
0.160534
0.082444
0.049083
0.327708
0.988649
0.319908
0.999979
0.214142
0.999730
0.492336
0.481620
0.999943
0.503377
0.430702
0.526705
0.282205
0.547434
0.999963
0.734141
0.954767
0.009691
0.950420
0.322502
0.994816
0.171861
0.026269
0.650480
0.166752
0.398046
0.640930
0.520582
0.982997
0.999385
0.488227
0.349328
0.847163
0.138811
0.486828
0.985195
0.999406
0.402382
0.294913
0.998462
0.904166
0.687546
0.514456
0.982770
0.948644
0.271773
0.089481
0.999986
0.999983
0.945608
0.231356
0.532608
0.362152
0.999882
0.238821
0.604924
0.101973
0.323321
0.465928
0.842204
0.934248
0.050617
0.519281
0.999990
0.836104
0.919054
0.999966
0.999985
0.332981
0.936387
0.990812
0.287492
0.678586
0.822902
0.371828
0.999900
0.820679
0.540656
0.999285
0.519112
0.151784
0.288882
0.510898
0.604866
0.999786
0.432121
0.272706
0.989950
0.993400
0.106280
0.770748
0.346309
0.488044
0.557090
0.309298
0.656945
0.192284
0.384211
0.372770
0.431268
0.679238
0.136716
0.132189
0.684081
0.995112
0.999935
0.612687
0.148876
0.114515
0.384211
0.996886
0.590464
0.149432
0.771458
0.474626
0.128127
0.552678
0.859430
0.907859
0.540264
0.325413
0.995412
0.081823
0.500286
0.878086
0.999951
0.986704
0.078945
0.333441
0.386445
0.682179
0.263728
0.999908
0.998069
0.503175
0.961618
0.999930
0.629795
0.207170
0.362611
0.800679
0.891176
0.481025
0.122276
0.512899
0.373940
0.089249
0.044535
0.290606
0.802113
0.999968
0.649245
0.433846
0.139584
0.338104
0.640716
0.723806
0.696872
0.082093
0.190861
0.613247
0.011518
0.995250
0.143400
0.384539
0.528148
0.338986
1.000000
0.515307
0.927044
0.771099
0.478072
0.216755
0.306904
0.338572
0.554353
0.102756
0.489221
0.488315
0.146060
0.492565
0.665871
0.252421
0.063490
0.943752
0.999996
0.125175
0.915594
0.878225
0.872570
0.999783
0.423726
0.999993
0.585362
0.990809
0.941722
0.999152
0.982021
0.610627
0.132093
0.643902
0.351257
0.997223
0.447811
0.998944
0.367014
0.168992
0.319464
0.133906
0.318744
0.782353
0.999448
0.521031
0.605962
0.503956
0.352763
0.589432
0.903521
0.504445
0.998052
0.221942
0.465111
0.337438
0.066972
0.150526
0.768420
0.592535
0.998970
0.998369
0.915503
0.457415
0.673683
0.995807
0.908441
0.995874
0.385733
0.464137
0.999926
0.953572
0.114668
0.510406
0.549680
0.972749
0.516070
0.236271
0.403660
0.998958
0.511341
0.996128
0.909006
0.324716
0.421590
0.631717
0.896158
0.605681
0.999090
0.504221
0.632780
0.124623
0.994157
0.863144
0.008321
0.176847
0.625438
0.519561
0.448408
0.068531
0.131626
0.071029
0.052458
0.071083
0.540812
0.424004
0.481611
0.424799
