1.000000
1.000000
0.996203
1.000000
1.000000
0.997381
1.000000
1.000000
1.000000
1.000000
1.000000
1.000000
1.000000
1.000000
1.000000
1.000000
0.968926
1.000000
0.971033
1.000000
0.997544
1.000000
1.000000
1.000000
1.000000
1.000000
1.000000
0.999753
1.000000
1.000000
1.000000
1.000000
1.000000
1.000000
1.000000
1.000000
0.999996
1.000000
1.000000
1.000000
1.000000
1.000000
0.999905
0.898339
1.000000
0.973764
0.470490
1.000000
1.000000
1.000000
1.000000
1.000000
1.000000
1.000000
1.000000
1.000000
1.000000
1.000000
1.000000
1.000000
0.994552
1.000000
1.000000
1.000000
1.000000
1.000000
0.999565
1.000000
0.643244
0.999903
1.000000
1.000000
1.000000
1.000000
1.000000
1.000000
1.000000
0.998850
1.000000
1.000000
1.000000
0.936749
0.495923
1.000000
1.000000
1.000000
1.000000
1.000000
1.000000
0.322624
1.000000
0.539653
0.981667
1.000000
1.000000
0.995405
1.000000
0.294706
1.000000
1.000000
0.999968
0.999960
1.000000
1.000000
0.482624
1.000000
1.000000
1.000000
1.000000
0.454753
1.000000
0.775060
1.000000
1.000000
1.000000
1.000000
1.000000
0.998362
1.000000
1.000000
1.000000
1.000000
1.000000
0.996522
0.509192
0.999666
1.000000
1.000000
1.000000
1.000000
1.000000
1.000000
1.000000
1.000000
1.000000
1.000000
1.000000
1.000000
1.000000
1.000000
1.000000
1.000000
1.000000
1.000000
1.000000
1.000000
1.000000
1.000000
1.000000
1.000000
0.998756
1.000000
0.998772
1.000000
1.000000
1.000000
1.000000
1.000000
0.996554
1.000000
1.000000
1.000000
1.000000
1.000000
1.000000
1.000000
1.000000
1.000000
1.000000
0.177312
1.000000
1.000000
1.000000
1.000000
1.000000
1.000000
0.867012
1.000000
1.000000
1.000000
1.000000
0.999894
0.998591
0.983502
1.000000
1.000000
0.993460
1.000000
1.000000
1.000000
1.000000
1.000000
1.000000
1.000000
1.000000
0.991313
1.000000
1.000000
1.000000
1.000000
0.999914
1.000000
1.000000
1.000000
1.000000
1.000000
1.000000
1.000000
0.999984
1.000000
1.000000
1.000000
0.999396
1.000000
1.000000
1.000000
0.998622
1.000000
0.945965
1.000000
1.000000
1.000000
0.019044
1.000000
1.000000
0.245171
1.000000
1.000000
0.207549
1.000000
1.000000
1.000000
0.999952
0.002685
1.000000
0.994604
1.000000
0.998890
1.000000
1.000000
1.000000
0.999999
1.000000
1.000000
0.999990
1.000000
1.000000
1.000000
0.756786
1.000000
1.000000
1.000000
1.000000
1.000000
0.998566
0.999998
1.000000
0.999999
0.999972
1.000000
1.000000
0.999957
1.000000
0.999994
1.000000
1.000000
1.000000
1.000000
1.000000
1.000000
1.000000
1.000000
1.000000
0.999979
0.999883
0.669231
0.990434
1.000000
1.000000
0.319133
1.000000
0.400564
1.000000
0.709154
1.000000
1.000000
1.000000
0.999911
0.906714
1.000000
1.000000
1.000000
1.000000
1.000000
1.000000
0.976958
0.999813
1.000000
1.000000
1.000000
1.000000
1.000000
1.000000
1.000000
1.000000
1.000000
1.000000
1.000000
0.418648
1.000000
1.000000
0.993703
1.000000
1.000000
1.000000
1.000000
0.665634
1.000000
1.000000
1.000000
1.000000
1.000000
1.000000
0.984885
1.000000
1.000000
1.000000
1.000000
0.999990
1.000000
1.000000
1.000000
1.000000
1.000000
1.000000
1.000000
1.000000
1.000000
1.000000
1.000000
1.000000
1.000000
1.000000
1.000000
0.999999
0.966135
1.000000
1.000000
0.999827
1.000000
1.000000
0.691103
1.000000
1.000000
1.000000
1.000000
1.000000
0.997479
1.000000
1.000000
0.996415
1.000000
1.000000
0.999998
1.000000
1.000000
1.000000
0.988763
1.000000
0.767815
1.000000
1.000000
1.000000
0.997091
1.000000
1.000000
1.000000
1.000000
1.000000
1.000000
0.023271
1.000000
0.992964
1.000000
1.000000
1.000000
1.000000
1.000000
0.223365
1.000000
1.000000
1.000000
1.000000
1.000000
1.000000
1.000000
1.000000
0.999954
1.000000
1.000000
1.000000
0.004881
1.000000
1.000000
0.999683
0.999997
1.000000
0.999979
1.000000
1.000000
0.964108
0.997638
1.000000
1.000000
0.696005
1.000000
0.995204
1.000000
1.000000
1.000000
1.000000
1.000000
1.000000
0.967353
0.984299
0.999979
1.000000
0.999998
1.000000
1.000000
1.000000
0.999326
1.000000
0.999914
1.000000
1.000000
1.000000
0.389146
0.446709
0.338611
1.000000
1.000000
0.998788
1.000000
1.000000
0.999380
1.000000
1.000000
1.000000
0.999611
1.000000
1.000000
1.000000
1.000000
0.995256
1.000000
1.000000
1.000000
1.000000
1.000000
0.733711
0.377058
1.000000
1.000000
1.000000
1.000000
0.561431
0.996876
1.000000
1.000000
1.000000
1.000000
0.999992
1.000000
0.998758
1.000000
0.998110
0.881065
1.000000
0.998420
1.000000
1.000000
0.822243
1.000000
0.999426
1.000000
1.000000
0.996501
0.988898
1.000000
1.000000
0.999354
1.000000
0.999991
1.000000
0.999824
1.000000
1.000000
1.000000
0.234334
0.982291
1.000000
1.000000
1.000000
0.995728
1.000000
0.998609
1.000000
0.608800
0.047932
1.000000
0.999999
1.000000
1.000000
0.998799
1.000000
1.000000
1.000000
1.000000
1.000000
0.999901
1.000000
1.000000
1.000000
0.575701
0.480391
1.000000
1.000000
0.999999
1.000000
1.000000
1.000000
1.000000
1.000000
1.000000
1.000000
1.000000
1.000000
0.984872
1.000000
0.999999
1.000000
1.000000
0.997832
1.000000
1.000000
1.000000
0.999373
0.431840
0.534264
0.981889
1.000000
1.000000
1.000000
1.000000
1.000000
1.000000
0.573940
0.541029
0.994621
0.730676
1.000000
1.000000
0.997638
1.000000
1.000000
1.000000
1.000000
1.000000
0.988211
1.000000
0.995865
0.408811
1.000000
1.000000
1.000000
1.000000
1.000000
1.000000
1.000000
1.000000
1.000000
1.000000
1.000000
1.000000
1.000000
1.000000
0.999999
0.997436
0.999556
0.450255
0.547588
1.000000
1.000000
0.999997
1.000000
1.000000
1.000000
1.000000
1.000000
0.858231
1.000000
1.000000
1.000000
1.000000
1.000000
1.000000
1.000000
0.999925
0.999441
1.000000
1.000000
1.000000
1.000000
1.000000
1.000000
1.000000
1.000000
1.000000
1.000000
1.000000
1.000000
1.000000
1.000000
0.999999
1.000000
1.000000
1.000000
0.795968
1.000000
1.000000
1.000000
1.000000
1.000000
1.000000
1.000000
1.000000
1.000000
1.000000
1.000000
1.000000
0.940091
1.000000
1.000000
0.958545
1.000000
1.000000
0.999999
1.000000
1.000000
1.000000
0.997133
1.000000
0.604539
1.000000
0.999669
0.375386
1.000000
0.115832
0.499168
1.000000
1.000000
1.000000
1.000000
0.241202
1.000000
1.000000
1.000000
0.780592
1.000000
1.000000
1.000000
1.000000
1.000000
1.000000
1.000000
0.985553
1.000000
0.451911
1.000000
1.000000
1.000000
0.499517
0.970694
0.992868
1.000000
1.000000
1.000000
1.000000
1.000000
1.000000
0.657546
1.000000
0.998233
1.000000
1.000000
1.000000
0.993830
1.000000
1.000000
1.000000
0.999561
1.000000
0.878145
1.000000
1.000000
1.000000
0.981332
1.000000
1.000000
1.000000
1.000000
0.989561
1.000000
1.000000
1.000000
0.994394
0.999504
1.000000
1.000000
0.997802
1.000000
0.999925
1.000000
1.000000
0.995285
1.000000
1.000000
0.738818
1.000000
0.998204
1.000000
1.000000
0.457266
1.000000
1.000000
1.000000
1.000000
1.000000
1.000000
1.000000
0.613415
0.240321
0.967713
1.000000
1.000000
1.000000
0.955441
1.000000
0.999357
1.000000
1.000000
1.000000
1.000000
1.000000
1.000000
1.000000
1.000000
1.000000
1.000000
1.000000
1.000000
1.000000
1.000000
1.000000
1.000000
1.000000
1.000000
0.999999
1.000000
1.000000
1.000000
1.000000
1.000000
1.000000
1.000000
1.000000
1.000000
1.000000
1.000000
1.000000
1.000000
1.000000
1.000000
0.434754
0.993903
1.000000
0.951043
1.000000
0.215039
1.000000
1.000000
0.522920
1.000000
1.000000
0.534889
1.000000
1.000000
1.000000
1.000000
1.000000
1.000000
0.999666
1.000000
1.000000
1.000000
1.000000
1.000000
1.000000
0.999739
1.000000
1.000000
1.000000
1.000000
1.000000
1.000000
0.807546
1.000000
1.000000
1.000000
0.616943
1.000000
1.000000
1.000000
1.000000
1.000000
0.999888
1.000000
1.000000
1.000000
1.000000
1.000000
1.000000
1.000000
1.000000
0.998957
1.000000
1.000000
0.071912
1.000000
1.000000
1.000000
0.999999
1.000000
0.491025
1.000000
1.000000
1.000000
1.000000
1.000000
1.000000
1.000000
0.997967
1.000000
0.518956
1.000000
0.999959
1.000000
0.419693
0.995579
1.000000
1.000000
1.000000
1.000000
1.000000
1.000000
1.000000
1.000000
1.000000
1.000000
1.000000
1.000000
1.000000
0.726513
1.000000
0.325586
1.000000
0.821000
1.000000
1.000000
1.000000
0.999043
1.000000
1.000000
1.000000
1.000000
0.990288
1.000000
0.886564
1.000000
1.000000
0.860690
1.000000
1.000000
1.000000
1.000000
1.000000
1.000000
0.995807
0.189987
1.000000
1.000000
1.000000
1.000000
0.998985
1.000000
1.000000
1.000000
1.000000
1.000000
1.000000
0.600739
0.690851
1.000000
0.999999
1.000000
0.578297
1.000000
1.000000
1.000000
0.758398
1.000000
0.700882
0.438919
0.503298
1.000000
1.000000
0.090760
0.999998
0.076824
0.977672
0.298785
1.000000
1.000000
0.786374
1.000000
1.000000
0.283280
0.998803
1.000000
1.000000
1.000000
0.999998
0.219325
1.000000
1.000000
1.000000
0.853553
1.000000
1.000000
1.000000
1.000000
0.998732
0.999944
1.000000
1.000000
0.883030
0.999975
1.000000
1.000000
1.000000
1.000000
1.000000
1.000000
0.999991
1.000000
1.000000
1.000000
0.819800
1.000000
1.000000
0.903692
1.000000
0.128035
1.000000
1.000000
0.989125
1.000000
0.364951
0.998804
1.000000
1.000000
0.999955
1.000000
1.000000
0.999489
1.000000
1.000000
1.000000
0.965913
0.778088
0.993469
0.988483
1.000000
1.000000
1.000000
1.000000
1.000000
1.000000
1.000000
1.000000
1.000000
0.999969
1.000000
0.745195
1.000000
0.999999
1.000000
1.000000
1.000000
1.000000
0.992024
0.519724
0.500022
1.000000
0.999997
1.000000
1.000000
0.999905
1.000000
1.000000
0.971157
1.000000
1.000000
0.997071
1.000000
0.830438
1.000000
1.000000
1.000000
1.000000
1.000000
1.000000
1.000000
1.000000
0.501966
1.000000
1.000000
0.998510
0.999281
0.382712
1.000000
0.998299
1.000000
1.000000
1.000000
1.000000
0.978022
1.000000
1.000000
1.000000
1.000000
0.997924
1.000000
1.000000
1.000000
1.000000
1.000000
0.975281
0.999127
1.000000
0.541639
1.000000
0.668663
0.815668
1.000000
1.000000
0.943062
1.000000
1.000000
1.000000
1.000000
1.000000
1.000000
1.000000
1.000000
1.000000
0.954710
1.000000
1.000000
1.000000
1.000000
1.000000
1.000000
1.000000
1.000000
1.000000
1.000000
0.623545
1.000000
1.000000
1.000000
1.000000
1.000000
1.000000
0.999995
0.997564
0.999998
1.000000
1.000000
1.000000
1.000000
1.000000
1.000000
1.000000
1.000000
1.000000
0.101772
1.000000
0.999849
1.000000
1.000000
1.000000
1.000000
1.000000
0.513824
1.000000
0.956280
1.000000
1.000000
1.000000
1.000000
1.000000
0.830916
1.000000
1.000000
1.000000
1.000000
1.000000
1.000000
1.000000
1.000000
1.000000
1.000000
1.000000
1.000000
1.000000
1.000000
1.000000
0.989596
0.496909
0.999887
1.000000
0.519053
1.000000
1.000000
0.999828
1.000000
1.000000
1.000000
1.000000
1.000000
0.962099
1.000000
0.999580
1.000000
0.999300
1.000000
1.000000
1.000000
1.000000
1.000000
1.000000
0.114021
1.000000
1.000000
0.476660
1.000000
1.000000
1.000000
1.000000
1.000000
1.000000
0.998131
1.000000
1.000000
1.000000
1.000000
1.000000
1.000000
0.971068
0.993901
1.000000
1.000000
1.000000
0.999999
1.000000
1.000000
1.000000
1.000000
0.454949
0.999999
1.000000
0.999476
1.000000
1.000000
1.000000
1.000000
0.984168
1.000000
1.000000
1.000000
1.000000
0.998696
1.000000
0.989161
1.000000
0.999403
1.000000
1.000000
1.000000
1.000000
1.000000
1.000000
1.000000
1.000000
1.000000
1.000000
1.000000
0.999583
0.574037
0.996177
0.704577
1.000000
0.870291
1.000000
0.999821
0.519550
1.000000
1.000000
1.000000
1.000000
1.000000
1.000000
0.999985
1.000000
0.391219
1.000000
0.990825
1.000000
1.000000
1.000000
1.000000
1.000000
1.000000
1.000000
1.000000
1.000000
0.508716
1.000000
1.000000
1.000000
1.000000
0.990585
1.000000
1.000000
1.000000
1.000000
1.000000
0.999084
1.000000
1.000000
1.000000
1.000000
1.000000
0.999929
0.999999
1.000000
0.999929
1.000000
1.000000
1.000000
1.000000
0.862658
0.944920
1.000000
0.997307
1.000000
0.999996
1.000000
1.000000
1.000000
1.000000
1.000000
1.000000
0.996055
1.000000
1.000000
0.992849
1.000000
1.000000
1.000000
1.000000
1.000000
1.000000
1.000000
1.000000
0.888318
0.764128
0.976364
1.000000
0.989440
1.000000
1.000000
1.000000
0.996548
1.000000
1.000000
1.000000
1.000000
1.000000
0.999229
1.000000
1.000000
1.000000
1.000000
1.000000
1.000000
1.000000
1.000000
1.000000
0.999999
1.000000
1.000000
1.000000
1.000000
1.000000
1.000000
0.999999
1.000000
1.000000
1.000000
1.000000
1.000000
1.000000
0.999958
1.000000
0.826311
1.000000
0.120505
1.000000
1.000000
1.000000
1.000000
1.000000
1.000000
0.999796
1.000000
1.000000
1.000000
1.000000
1.000000
1.000000
1.000000
1.000000
1.000000
1.000000
1.000000
1.000000
1.000000
1.000000
1.000000
1.000000
1.000000
0.003559
0.943565
1.000000
0.576688
1.000000
1.000000
0.999997
1.000000
1.000000
0.277183
1.000000
1.000000
1.000000
1.000000
1.000000
1.000000
0.999998
1.000000
0.987930
1.000000
0.993142
0.999026
1.000000
0.979000
1.000000
0.448476
1.000000
1.000000
1.000000
1.000000
0.959361
1.000000
1.000000
0.999422
1.000000
0.999936
1.000000
1.000000
1.000000
1.000000
0.999941
1.000000
1.000000
0.296055
1.000000
1.000000
0.518442
1.000000
0.465846
1.000000
1.000000
1.000000
1.000000
1.000000
1.000000
0.999978
1.000000
1.000000
0.999512
1.000000
1.000000
1.000000
1.000000
1.000000
0.912544
1.000000
1.000000
1.000000
0.999510
1.000000
1.000000
1.000000
1.000000
1.000000
1.000000
1.000000
1.000000
1.000000
1.000000
1.000000
1.000000
1.000000
1.000000
1.000000
0.986893
1.000000
0.954582
1.000000
1.000000
1.000000
1.000000
1.000000
1.000000
1.000000
0.561382
0.999976
0.992299
0.999999
0.523729
1.000000
1.000000
0.699221
0.036005
0.479811
1.000000
1.000000
0.630936
1.000000
1.000000
1.000000
1.000000
1.000000
0.999607
1.000000
0.998566
0.308021
0.914892
0.407571
1.000000
1.000000
0.999993
0.019714
1.000000
1.000000
1.000000
1.000000
0.685475
1.000000
0.999202
1.000000
1.000000
1.000000
1.000000
1.000000
0.428437
1.000000
1.000000
1.000000
1.000000
1.000000
1.000000
0.990557
1.000000
1.000000
1.000000
0.999950
0.999121
1.000000
1.000000
1.000000
1.000000
1.000000
0.999460
0.518698
1.000000
1.000000
1.000000
0.999999
1.000000
1.000000
1.000000
1.000000
1.000000
1.000000
1.000000
1.000000
1.000000
1.000000
0.973674
1.000000
1.000000
1.000000
1.000000
1.000000
1.000000
0.999997
1.000000
0.999980
0.999973
0.969180
0.993788
1.000000
0.999996
1.000000
1.000000
0.981233
1.000000
1.000000
1.000000
1.000000
0.766329
1.000000
0.871481
1.000000
0.989256
1.000000
1.000000
0.968684
0.999985
0.999999
1.000000
1.000000
0.996542
0.809238
1.000000
1.000000
1.000000
0.876477
0.936192
0.995448
1.000000
0.519140
1.000000
1.000000
1.000000
1.000000
1.000000
1.000000
1.000000
1.000000
1.000000
1.000000
0.822641
0.746031
0.993333
1.000000
0.998643
1.000000
0.532374
1.000000
1.000000
1.000000
0.989261
1.000000
0.999826
1.000000
1.000000
1.000000
1.000000
1.000000
0.995942
1.000000
1.000000
0.942130
1.000000
0.937219
1.000000
0.848763
1.000000
0.879384
0.056950
1.000000
1.000000
1.000000
1.000000
1.000000
1.000000
1.000000
1.000000
1.000000
1.000000
1.000000
1.000000
1.000000
0.912008
1.000000
0.999999
1.000000
1.000000
0.861900
0.770138
1.000000
1.000000
1.000000
1.000000
0.844009
1.000000
1.000000
0.995897
0.987553
1.000000
1.000000
1.000000
1.000000
0.504296
1.000000
1.000000
1.000000
0.326748
1.000000
1.000000
1.000000
1.000000
0.706739
1.000000
0.987931
1.000000
1.000000
0.730013
1.000000
0.999476
0.841915
0.562702
1.000000
0.999995
1.000000
0.993996
1.000000
1.000000
0.996639
0.533813
0.990092
1.000000
1.000000
1.000000
1.000000
1.000000
1.000000
1.000000
1.000000
1.000000
0.513193
1.000000
0.386419
1.000000
1.000000
1.000000
0.999992
1.000000
1.000000
0.522120
1.000000
1.000000
1.000000
1.000000
1.000000
1.000000
1.000000
1.000000
0.902392
1.000000
1.000000
0.999576
1.000000
1.000000
1.000000
1.000000
1.000000
1.000000
0.256052
1.000000
1.000000
1.000000
1.000000
0.042053
1.000000
0.901202
1.000000
1.000000
1.000000
1.000000
1.000000
1.000000
1.000000
1.000000
0.999093
1.000000
1.000000
1.000000
1.000000
1.000000
1.000000
1.000000
0.998743
1.000000
0.999999
1.000000
1.000000
1.000000
1.000000
1.000000
0.023271
1.000000
1.000000
1.000000
1.000000
1.000000
0.992209
0.999442
1.000000
1.000000
0.999992
0.522588
1.000000
0.989389
1.000000
1.000000
1.000000
0.867485
1.000000
0.999991
1.000000
1.000000
1.000000
1.000000
1.000000
1.000000
0.999421
1.000000
1.000000
1.000000
0.902092
0.472464
1.000000
0.999992
1.000000
1.000000
1.000000
1.000000
1.000000
1.000000
0.999982
1.000000
1.000000
1.000000
1.000000
0.255523
0.999986
0.388442
1.000000
1.000000
1.000000
0.978211
1.000000
0.536583
1.000000
1.000000
1.000000
0.998575
1.000000
1.000000
0.779734
1.000000
0.985175
0.999856
1.000000
0.991011
1.000000
1.000000
1.000000
1.000000
1.000000
1.000000
1.000000
1.000000
1.000000
0.718356
1.000000
1.000000
0.999903
1.000000
0.999728
1.000000
0.984248
1.000000
0.998872
1.000000
1.000000
1.000000
1.000000
0.815665
1.000000
1.000000
0.999533
1.000000
1.000000
1.000000
1.000000
0.999819
1.000000
1.000000
1.000000
1.000000
0.991034
1.000000
0.946968
1.000000
1.000000
1.000000
0.975659
1.000000
1.000000
0.777401
0.999999
1.000000
1.000000
0.978904
1.000000
0.967216
1.000000
1.000000
1.000000
1.000000
1.000000
0.749663
1.000000
1.000000
0.639832
0.704649
1.000000
1.000000
0.999940
1.000000
1.000000
1.000000
1.000000
0.988293
0.863887
0.998279
1.000000
1.000000
1.000000
1.000000
1.000000
1.000000
0.797050
0.098174
0.653429
1.000000
1.000000
1.000000
0.999993
1.000000
1.000000
1.000000
1.000000
0.998780
1.000000
1.000000
1.000000
1.000000
1.000000
1.000000
0.999946
0.833087
1.000000
1.000000
1.000000
1.000000
1.000000
0.999997
1.000000
0.999984
1.000000
1.000000
1.000000
0.997762
1.000000
1.000000
0.998340
0.999982
1.000000
0.945197
1.000000
1.000000
1.000000
1.000000
1.000000
0.716082
1.000000
1.000000
1.000000
1.000000
1.000000
0.999997
1.000000
1.000000
0.481011
0.998763
0.454778
1.000000
1.000000
1.000000
1.000000
0.999999
1.000000
1.000000
1.000000
0.980256
0.999997
1.000000
0.999728
0.592329
1.000000
0.811811
1.000000
1.000000
1.000000
0.552328
1.000000
1.000000
1.000000
0.999990
0.510126
0.999999
0.987614
1.000000
0.996138
1.000000
1.000000
1.000000
1.000000
1.000000
1.000000
1.000000
1.000000
1.000000
1.000000
1.000000
0.937451
1.000000
1.000000
1.000000
0.998124
1.000000
1.000000
1.000000
1.000000
1.000000
1.000000
1.000000
1.000000
1.000000
1.000000
1.000000
1.000000
0.994333
1.000000
1.000000
1.000000
0.767847
1.000000
1.000000
1.000000
0.997037
1.000000
1.000000
0.843140
0.999925
1.000000
0.999995
1.000000
1.000000
0.810113
0.986374
1.000000
1.000000
1.000000
1.000000
1.000000
1.000000
1.000000
1.000000
1.000000
1.000000
0.999884
1.000000
1.000000
1.000000
1.000000
0.999990
1.000000
1.000000
1.000000
1.000000
1.000000
0.850067
0.286164
1.000000
1.000000
0.998297
0.999999
1.000000
1.000000
0.984561
1.000000
1.000000
1.000000
1.000000
0.514425
1.000000
1.000000
1.000000
1.000000
0.718531
1.000000
1.000000
1.000000
1.000000
1.000000
1.000000
1.000000
0.999999
1.000000
0.996640
1.000000
1.000000
1.000000
1.000000
0.855602
1.000000
0.932188
0.956176
0.988377
1.000000
1.000000
1.000000
1.000000
0.996979
1.000000
1.000000
1.000000
0.540479
0.999830
0.924367
1.000000
0.998686
0.998467
0.999602
0.669469
0.994702
0.994139
1.000000
1.000000
0.912096
1.000000
0.999808
1.000000
1.000000
0.598632
1.000000
1.000000
0.921783
1.000000
0.493252
1.000000
1.000000
1.000000
1.000000
0.480338
1.000000
0.396157
1.000000
1.000000
0.999972
1.000000
1.000000
1.000000
0.999943
1.000000
0.854683
1.000000
1.000000
1.000000
1.000000
1.000000
1.000000
1.000000
1.000000
1.000000
1.000000
0.998685
1.000000
0.999711
0.983344
1.000000
1.000000
0.575035
1.000000
1.000000
1.000000
1.000000
1.000000
0.676867
1.000000
1.000000
1.000000
1.000000
1.000000
0.999818
0.995019
1.000000
0.999985
0.895139
0.999986
1.000000
1.000000
1.000000
1.000000
0.612436
1.000000
1.000000
1.000000
0.999984
1.000000
1.000000
1.000000
1.000000
1.000000
0.999983
1.000000
1.000000
1.000000
1.000000
0.999529
1.000000
1.000000
1.000000
1.000000
1.000000
1.000000
1.000000
1.000000
1.000000
1.000000
1.000000
1.000000
0.325952
1.000000
1.000000
1.000000
1.000000
1.000000
1.000000
0.998250
1.000000
1.000000
0.473476
1.000000
1.000000
1.000000
1.000000
1.000000
1.000000
1.000000
1.000000
1.000000
0.998203
1.000000
1.000000
1.000000
1.000000
1.000000
1.000000
1.000000
0.999999
1.000000
1.000000
1.000000
1.000000
1.000000
1.000000
1.000000
0.343745
1.000000
1.000000
1.000000
0.496117
0.402103
1.000000
1.000000
1.000000
1.000000
1.000000
0.999988
0.999921
1.000000
1.000000
0.713362
1.000000
1.000000
1.000000
1.000000
1.000000
1.000000
1.000000
1.000000
0.997657
0.980181
1.000000
1.000000
0.954695
1.000000
1.000000
1.000000
0.785383
1.000000
1.000000
1.000000
1.000000
1.000000
1.000000
0.964080
1.000000
1.000000
0.807564
1.000000
1.000000
1.000000
1.000000
0.510311
1.000000
1.000000
1.000000
0.995737
1.000000
1.000000
1.000000
1.000000
1.000000
1.000000
1.000000
0.999992
1.000000
1.000000
1.000000
0.764808
1.000000
0.991704
0.993105
0.710882
0.999999
1.000000
1.000000
0.999919
1.000000
1.000000
0.999995
1.000000
1.000000
1.000000
1.000000
1.000000
1.000000
1.000000
1.000000
1.000000
1.000000
0.928071
1.000000
1.000000
1.000000
1.000000
1.000000
1.000000
1.000000
1.000000
0.950597
1.000000
0.095106
0.999688
1.000000
1.000000
0.503340
1.000000
0.383280
1.000000
1.000000
1.000000
0.999870
1.000000
1.000000
1.000000
1.000000
1.000000
1.000000
0.940364
1.000000
0.754640
1.000000
1.000000
0.996524
1.000000
0.999220
1.000000
0.984635
0.493988
0.998372
1.000000
1.000000
0.999893
1.000000
0.801019
1.000000
1.000000
1.000000
1.000000
0.999990
1.000000
1.000000
1.000000
0.999928
1.000000
0.738117
0.999974
1.000000
0.919983
1.000000
0.270008
0.950115
0.999922
1.000000
1.000000
1.000000
0.111259
1.000000
1.000000
0.995532
0.999995
1.000000
0.994924
1.000000
0.999999
1.000000
0.999996
1.000000
1.000000
1.000000
1.000000
0.995377
1.000000
0.793269
1.000000
1.000000
1.000000
1.000000
1.000000
0.835663
1.000000
1.000000
1.000000
1.000000
0.993133
0.999976
0.548814
1.000000
0.999980
0.638178
1.000000
1.000000
0.997015
1.000000
1.000000
0.479575
0.696140
1.000000
0.556213
1.000000
1.000000
1.000000
0.983395
0.989051
1.000000
1.000000
1.000000
1.000000
0.994179
0.970838
1.000000
0.497739
1.000000
0.999972
0.999947
1.000000
1.000000
1.000000
0.999276
0.999719
1.000000
1.000000
1.000000
1.000000
0.999933
1.000000
1.000000
1.000000
1.000000
1.000000
0.954774
1.000000
0.862927
0.973046
1.000000
1.000000
1.000000
1.000000
1.000000
1.000000
1.000000
1.000000
1.000000
0.442044
1.000000
1.000000
1.000000
1.000000
1.000000
0.268776
0.999975
1.000000
1.000000
1.000000
1.000000
1.000000
1.000000
1.000000
1.000000
0.682143
1.000000
1.000000
1.000000
1.000000
0.423307
1.000000
0.999993
0.999428
1.000000
1.000000
1.000000
1.000000
1.000000
1.000000
1.000000
1.000000
1.000000
0.915748
1.000000
1.000000
1.000000
1.000000
0.952505
0.968826
0.999999
1.000000
1.000000
0.566606
1.000000
1.000000
1.000000
1.000000
0.999969
0.445732
1.000000
1.000000
1.000000
0.997004
1.000000
1.000000
1.000000
1.000000
1.000000
1.000000
1.000000
1.000000
1.000000
1.000000
0.738316
1.000000
0.999844
1.000000
1.000000
0.999998
0.303024
1.000000
1.000000
1.000000
1.000000
1.000000
1.000000
1.000000
1.000000
0.999928
1.000000
0.632252
1.000000
1.000000
0.369505
1.000000
0.999999
1.000000
1.000000
0.972193
1.000000
1.000000
1.000000
0.982927
1.000000
1.000000
1.000000
1.000000
1.000000
1.000000
1.000000
0.999646
0.994574
1.000000
1.000000
1.000000
1.000000
1.000000
1.000000
1.000000
1.000000
0.424403
0.732900
1.000000
1.000000
0.999995
1.000000
1.000000
1.000000
1.000000
1.000000
1.000000
1.000000
1.000000
1.000000
0.999352
0.739292
1.000000
1.000000
1.000000
0.995941
1.000000
1.000000
1.000000
0.437117
1.000000
1.000000
1.000000
0.975986
1.000000
0.999774
1.000000
1.000000
1.000000
1.000000
0.515083
1.000000
1.000000
1.000000
0.996022
1.000000
1.000000
1.000000
1.000000
1.000000
1.000000
0.971288
0.999998
1.000000
0.642793
1.000000
1.000000
1.000000
1.000000
1.000000
1.000000
1.000000
1.000000
0.693311
1.000000
1.000000
1.000000
1.000000
1.000000
1.000000
0.824931
1.000000
0.998406
1.000000
1.000000
1.000000
1.000000
1.000000
0.497122
1.000000
1.000000
1.000000
1.000000
0.997333
1.000000
1.000000
1.000000
0.445806
0.861224
0.999983
1.000000
1.000000
0.999998
1.000000
0.428219
1.000000
1.000000
1.000000
0.515087
1.000000
1.000000
1.000000
0.984462
1.000000
0.999995
1.000000
1.000000
1.000000
1.000000
1.000000
1.000000
1.000000
1.000000
1.000000
0.512810
1.000000
1.000000
1.000000
1.000000
1.000000
1.000000
1.000000
1.000000
1.000000
0.931702
0.988202
1.000000
0.999996
1.000000
1.000000
1.000000
1.000000
1.000000
1.000000
1.000000
0.998497
0.999985
1.000000
1.000000
1.000000
1.000000
1.000000
1.000000
0.999999
1.000000
1.000000
1.000000
1.000000
1.000000
0.999996
1.000000
0.768199
1.000000
0.846604
0.999654
1.000000
1.000000
1.000000
0.999631
1.000000
1.000000
0.433072
0.998844
1.000000
1.000000
1.000000
1.000000
1.000000
0.252079
1.000000
0.999411
1.000000
1.000000
1.000000
1.000000
1.000000
1.000000
1.000000
1.000000
1.000000
1.000000
1.000000
1.000000
1.000000
1.000000
0.998968
1.000000
1.000000
0.999951
1.000000
0.477505
1.000000
0.996943
1.000000
1.000000
1.000000
0.998131
0.537164
1.000000
1.000000
0.999346
1.000000
1.000000
0.603170
1.000000
1.000000
0.995881
0.999953
0.384441
1.000000
1.000000
0.999545
1.000000
1.000000
1.000000
0.989936
0.998551
0.997166
1.000000
0.990971
1.000000
0.971931
1.000000
1.000000
1.000000
1.000000
1.000000
0.550393
1.000000
1.000000
0.325885
0.999469
1.000000
0.999955
1.000000
1.000000
0.939522
0.934539
1.000000
1.000000
0.986407
0.362661
1.000000
1.000000
1.000000
1.000000
1.000000
1.000000
1.000000
1.000000
1.000000
0.999961
0.479437
1.000000
0.999998
1.000000
1.000000
1.000000
0.992349
1.000000
1.000000
1.000000
1.000000
0.999982
1.000000
0.990573
0.999966
1.000000
1.000000
1.000000
1.000000
1.000000
1.000000
0.999994
1.000000
0.620463
1.000000
1.000000
1.000000
1.000000
0.313823
1.000000
0.905150
1.000000
1.000000
1.000000
0.998829
0.993309
1.000000
1.000000
1.000000
1.000000
0.998422
0.848261
1.000000
1.000000
0.999881
1.000000
0.603778
1.000000
1.000000
1.000000
1.000000
1.000000
1.000000
1.000000
0.999423
1.000000
0.999111
1.000000
1.000000
1.000000
0.292155
1.000000
1.000000
1.000000
1.000000
0.999980
0.999969
1.000000
1.000000
0.999999
1.000000
1.000000
1.000000
1.000000
1.000000
0.991431
1.000000
1.000000
0.861686
0.984584
1.000000
1.000000
1.000000
1.000000
1.000000
1.000000
0.999999
0.999573
1.000000
0.695612
1.000000
1.000000
1.000000
0.996880
1.000000
1.000000
1.000000
0.999312
1.000000
1.000000
1.000000
0.999981
1.000000
1.000000
1.000000
1.000000
0.999993
1.000000
1.000000
0.974281
0.799271
0.986094
1.000000
1.000000
0.998263
0.982335
0.934102
1.000000
1.000000
1.000000
1.000000
0.997881
1.000000
0.996662
1.000000
1.000000
1.000000
1.000000
1.000000
1.000000
1.000000
1.000000
1.000000
0.735754
1.000000
1.000000
0.007892
1.000000
1.000000
1.000000
1.000000
0.770300
1.000000
1.000000
1.000000
1.000000
1.000000
1.000000
1.000000
1.000000
1.000000
0.984774
1.000000
1.000000
1.000000
1.000000
0.786101
1.000000
1.000000
1.000000
1.000000
1.000000
0.294797
1.000000
1.000000
1.000000
0.994090
1.000000
1.000000
1.000000
0.442475
0.997907
0.360047
1.000000
0.984556
1.000000
1.000000
1.000000
1.000000
0.999757
1.000000
1.000000
1.000000
0.960147
0.501030
1.000000
0.999996
0.052913
1.000000
1.000000
0.843244
0.511176
0.999966
1.000000
1.000000
1.000000
0.535218
1.000000
0.863588
1.000000
1.000000
1.000000
0.974037
1.000000
1.000000
1.000000
1.000000
1.000000
1.000000
1.000000
1.000000
1.000000
0.999999
1.000000
0.999991
1.000000
0.570762
0.092813
1.000000
1.000000
0.999998
1.000000
1.000000
1.000000
0.999556
0.887640
0.999547
0.989427
0.998434
0.524170
0.998691
1.000000
0.871510
1.000000
1.000000
1.000000
0.904289
1.000000
0.904595
0.999541
1.000000
1.000000
1.000000
1.000000
0.987913
0.999057
0.998057
1.000000
1.000000
1.000000
1.000000
0.975143
1.000000
1.000000
1.000000
1.000000
0.544455
1.000000
0.990697
1.000000
1.000000
1.000000
1.000000
1.000000
1.000000
1.000000
1.000000
1.000000
1.000000
1.000000
1.000000
1.000000
0.506886
0.998558
1.000000
1.000000
0.999854
1.000000
1.000000
1.000000
1.000000
0.999979
1.000000
1.000000
1.000000
0.542755
1.000000
1.000000
1.000000
1.000000
1.000000
1.000000
1.000000
1.000000
0.999747
1.000000
0.998989
1.000000
1.000000
0.989008
1.000000
1.000000
1.000000
1.000000
1.000000
0.999967
1.000000
1.000000
1.000000
1.000000
1.000000
1.000000
1.000000
1.000000
0.999985
0.617329
0.999434
0.953443
0.997125
1.000000
0.376300
1.000000
1.000000
1.000000
1.000000
1.000000
0.431004
0.496837
1.000000
1.000000
0.999265
0.424363
1.000000
0.232479
1.000000
1.000000
1.000000
0.294114
1.000000
0.998857
0.998143
1.000000
1.000000
1.000000
0.999833
1.000000
1.000000
0.211624
0.999572
0.676182
1.000000
1.000000
1.000000
0.605966
1.000000
1.000000
1.000000
0.520883
1.000000
0.662101
1.000000
1.000000
1.000000
1.000000
0.999803
0.745568
1.000000
0.999998
1.000000
1.000000
1.000000
0.999790
1.000000
1.000000
1.000000
0.640709
1.000000
1.000000
1.000000
0.998689
0.517198
0.999995
1.000000
1.000000
1.000000
1.000000
1.000000
1.000000
1.000000
1.000000
1.000000
1.000000
1.000000
1.000000
1.000000
0.912422
0.997384
0.996387
1.000000
1.000000
1.000000
0.998468
1.000000
1.000000
1.000000
0.999999
1.000000
1.000000
1.000000
0.609843
1.000000
1.000000
1.000000
0.572425
1.000000
1.000000
1.000000
1.000000
0.999859
0.953963
1.000000
0.968177
1.000000
1.000000
0.609556
1.000000
1.000000
0.713885
0.999702
1.000000
0.603907
1.000000
1.000000
1.000000
0.994070
1.000000
1.000000
1.000000
1.000000
0.965563
1.000000
1.000000
1.000000
1.000000
1.000000
1.000000
1.000000
0.994905
0.977393
0.664177
0.996125
0.997795
1.000000
0.360856
0.999812
1.000000
0.456352
1.000000
1.000000
1.000000
1.000000
1.000000
0.994691
1.000000
1.000000
0.021896
0.517288
1.000000
1.000000
0.999758
1.000000
1.000000
1.000000
1.000000
1.000000
1.000000
1.000000
1.000000
1.000000
1.000000
0.584547
1.000000
1.000000
1.000000
1.000000
0.993489
0.842190
1.000000
1.000000
1.000000
1.000000
1.000000
0.996445
1.000000
1.000000
1.000000
1.000000
0.426362
1.000000
1.000000
1.000000
1.000000
1.000000
0.944302
1.000000
1.000000
1.000000
1.000000
1.000000
1.000000
1.000000
1.000000
1.000000
1.000000
1.000000
0.999567
1.000000
1.000000
0.953315
1.000000
1.000000
1.000000
1.000000
1.000000
0.999708
1.000000
1.000000
1.000000
1.000000
1.000000
0.993337
1.000000
0.999895
0.993454
0.992275
0.583759
1.000000
1.000000
0.992650
0.529949
1.000000
1.000000
1.000000
1.000000
0.528823
1.000000
0.988706
1.000000
1.000000
1.000000
0.999947
0.996909
1.000000
1.000000
1.000000
1.000000
1.000000
0.999927
1.000000
1.000000
1.000000
1.000000
1.000000
1.000000
1.000000
0.997682
1.000000
0.998174
1.000000
1.000000
0.999912
1.000000
0.471245
1.000000
0.998056
1.000000
0.999999
1.000000
0.998190
1.000000
1.000000
1.000000
1.000000
0.999586
0.994357
1.000000
1.000000
1.000000
1.000000
0.999998
1.000000
1.000000
1.000000
1.000000
1.000000
0.118330
1.000000
1.000000
1.000000
1.000000
1.000000
1.000000
0.484620
1.000000
0.995157
0.249829
0.999964
1.000000
1.000000
1.000000
0.979065
0.518514
1.000000
1.000000
1.000000
1.000000
1.000000
1.000000
1.000000
1.000000
1.000000
1.000000
1.000000
1.000000
0.998677
1.000000
0.999450
1.000000
1.000000
1.000000
1.000000
1.000000
1.000000
1.000000
1.000000
0.683435
1.000000
1.000000
1.000000
0.999664
0.463695
1.000000
1.000000
0.521084
0.564319
1.000000
1.000000
0.999984
1.000000
0.999926
1.000000
0.594266
1.000000
1.000000
0.999985
0.999996
0.999609
0.500558
1.000000
0.896267
0.442031
1.000000
0.999999
1.000000
0.999545
0.337495
1.000000
1.000000
1.000000
1.000000
1.000000
1.000000
1.000000
1.000000
1.000000
1.000000
1.000000
1.000000
0.663832
0.490514
0.999983
1.000000
1.000000
1.000000
0.923044
1.000000
0.999833
0.999862
1.000000
0.931162
1.000000
1.000000
1.000000
1.000000
1.000000
1.000000
0.969941
1.000000
1.000000
1.000000
1.000000
1.000000
1.000000
1.000000
0.481053
1.000000
1.000000
1.000000
1.000000
1.000000
1.000000
1.000000
1.000000
1.000000
1.000000
0.999948
1.000000
1.000000
1.000000
1.000000
1.000000
0.466882
1.000000
1.000000
0.999570
1.000000
1.000000
1.000000
1.000000
1.000000
0.955223
0.564499
1.000000
1.000000
0.425322
0.281081
1.000000
0.984555
1.000000
0.994657
1.000000
0.999023
1.000000
1.000000
1.000000
0.365905
0.999678
1.000000
1.000000
1.000000
0.996519
0.999972
0.999977
0.998055
1.000000
1.000000
0.999997
1.000000
1.000000
0.999379
1.000000
1.000000
1.000000
1.000000
1.000000
1.000000
0.999999
0.996009
1.000000
0.482533
1.000000
0.998715
0.998337
0.981107
1.000000
1.000000
1.000000
1.000000
1.000000
0.745128
0.587860
1.000000
1.000000
1.000000
1.000000
0.999015
0.557670
0.696956
0.995704
0.999959
1.000000
0.924739
0.999995
1.000000
1.000000
0.999967
0.704794
1.000000
1.000000
1.000000
1.000000
1.000000
0.162987
1.000000
0.999592
1.000000
1.000000
1.000000
0.206064
0.998593
0.604352
1.000000
1.000000
0.724053
0.999799
1.000000
0.996480
1.000000
1.000000
0.094204
0.985127
1.000000
1.000000
1.000000
1.000000
1.000000
1.000000
1.000000
1.000000
0.999980
1.000000
0.459318
0.998893
1.000000
1.000000
0.352721
0.999879
1.000000
1.000000
1.000000
1.000000
1.000000
0.957466
0.999999
1.000000
1.000000
1.000000
0.999998
1.000000
1.000000
0.999877
0.289641
0.999961
1.000000
0.999989
1.000000
1.000000
0.991449
1.000000
1.000000
1.000000
1.000000
1.000000
1.000000
1.000000
1.000000
1.000000
1.000000
1.000000
1.000000
1.000000
1.000000
1.000000
1.000000
0.518272
1.000000
0.921472
0.901578
1.000000
0.675293
1.000000
1.000000
1.000000
1.000000
1.000000
1.000000
1.000000
0.964522
1.000000
1.000000
1.000000
0.999955
1.000000
0.565459
0.471606
1.000000
0.792052
1.000000
1.000000
1.000000
1.000000
1.000000
1.000000
1.000000
1.000000
0.055616
1.000000
1.000000
1.000000
1.000000
1.000000
0.999174
1.000000
1.000000
1.000000
0.999093
0.892163
1.000000
0.462283
1.000000
0.829338
0.993963
0.955043
1.000000
1.000000
1.000000
1.000000
1.000000
1.000000
1.000000
1.000000
1.000000
1.000000
1.000000
1.000000
1.000000
0.488182
1.000000
0.957070
0.922074
1.000000
1.000000
1.000000
1.000000
0.476797
1.000000
1.000000
1.000000
1.000000
0.510942
1.000000
0.988937
1.000000
1.000000
1.000000
1.000000
1.000000
1.000000
1.000000
1.000000
1.000000
1.000000
1.000000
1.000000
1.000000
0.999760
1.000000
0.452336
1.000000
1.000000
1.000000
1.000000
0.999937
1.000000
1.000000
1.000000
1.000000
1.000000
1.000000
1.000000
0.999995
0.474635
1.000000
1.000000
1.000000
1.000000
1.000000
1.000000
0.999990
0.490858
1.000000
1.000000
1.000000
1.000000
1.000000
1.000000
1.000000
1.000000
1.000000
1.000000
1.000000
0.998760
1.000000
1.000000
0.748312
1.000000
0.658611
1.000000
1.000000
1.000000
1.000000
0.999993
1.000000
0.992317
1.000000
1.000000
1.000000
0.959004
1.000000
1.000000
1.000000
1.000000
1.000000
1.000000
1.000000
1.000000
1.000000
1.000000
1.000000
1.000000
0.999997
1.000000
1.000000
1.000000
1.000000
1.000000
1.000000
1.000000
1.000000
1.000000
0.498000
1.000000
1.000000
0.999995
1.000000
0.999674
0.741825
0.457617
1.000000
0.999879
0.988850
0.999490
0.996016
1.000000
1.000000
1.000000
0.999355
1.000000
0.604078
0.995282
0.999991
1.000000
0.491827
0.372792
1.000000
0.555293
1.000000
0.925540
0.778893
1.000000
1.000000
0.418554
1.000000
0.999198
1.000000
1.000000
1.000000
1.000000
1.000000
0.997962
1.000000
0.997043
1.000000
1.000000
0.999976
0.986261
1.000000
1.000000
0.467797
0.467725
0.999657
1.000000
1.000000
1.000000
0.999997
0.926154
1.000000
1.000000
1.000000
0.994389
0.999979
1.000000
1.000000
1.000000
0.982988
1.000000
0.998704
1.000000
0.687126
1.000000
0.969628
0.992433
1.000000
1.000000
0.867600
0.999803
1.000000
1.000000
1.000000
1.000000
1.000000
1.000000
0.443527
0.903694
1.000000
1.000000
0.999939
1.000000
0.976248
1.000000
1.000000
0.999914
1.000000
1.000000
1.000000
1.000000
1.000000
0.999996
1.000000
1.000000
1.000000
1.000000
1.000000
1.000000
1.000000
1.000000
1.000000
1.000000
0.579041
0.998542
1.000000
0.764942
0.999998
0.126778
1.000000
1.000000
0.997158
1.000000
0.505739
1.000000
0.474328
0.997380
1.000000
1.000000
1.000000
1.000000
1.000000
1.000000
0.493608
1.000000
1.000000
1.000000
1.000000
1.000000
1.000000
1.000000
0.616330
1.000000
1.000000
1.000000
1.000000
1.000000
0.999361
0.999777
1.000000
1.000000
1.000000
1.000000
1.000000
1.000000
1.000000
1.000000
0.999997
1.000000
1.000000
1.000000
1.000000
0.633676
1.000000
1.000000
0.032075
1.000000
0.257999
1.000000
1.000000
0.990193
1.000000
1.000000
0.999973
1.000000
1.000000
0.999937
0.999988
1.000000
1.000000
1.000000
1.000000
1.000000
1.000000
0.583848
1.000000
1.000000
1.000000
1.000000
1.000000
1.000000
1.000000
1.000000
1.000000
1.000000
0.829982
0.039274
1.000000
1.000000
0.999996
1.000000
1.000000
1.000000
1.000000
1.000000
1.000000
0.880824
0.999816
1.000000
1.000000
1.000000
1.000000
1.000000
1.000000
1.000000
1.000000
1.000000
0.999922
1.000000
1.000000
1.000000
1.000000
1.000000
1.000000
1.000000
1.000000
0.999998
1.000000
1.000000
0.023271
0.999875
1.000000
0.999620
1.000000
1.000000
1.000000
1.000000
1.000000
0.432572
0.999937
1.000000
1.000000
1.000000
1.000000
1.000000
1.000000
1.000000
1.000000
1.000000
0.988848
1.000000
0.997061
0.999800
0.999495
1.000000
1.000000
1.000000
0.999421
1.000000
1.000000
0.918763
1.000000
1.000000
0.699436
1.000000
0.995869
0.999982
1.000000
1.000000
1.000000
1.000000
1.000000
0.997035
1.000000
0.996830
1.000000
1.000000
1.000000
1.000000
1.000000
1.000000
1.000000
0.833483
1.000000
0.999508
1.000000
1.000000
1.000000
1.000000
1.000000
1.000000
0.113489
1.000000
1.000000
0.999994
0.999252
1.000000
1.000000
0.573778
0.998394
0.564516
0.562045
1.000000
1.000000
0.999459
0.993116
0.071263
1.000000
1.000000
1.000000
1.000000
1.000000
0.999995
0.998918
0.999938
1.000000
1.000000
1.000000
0.999993
1.000000
1.000000
1.000000
0.999812
1.000000
0.999999
1.000000
0.975104
1.000000
1.000000
1.000000
1.000000
0.999873
0.995144
1.000000
1.000000
1.000000
1.000000
0.992336
1.000000
0.983030
1.000000
0.999965
0.997242
1.000000
1.000000
1.000000
1.000000
0.491881
1.000000
1.000000
0.904762
1.000000
1.000000
0.999848
1.000000
1.000000
1.000000
1.000000
1.000000
1.000000
0.516699
1.000000
1.000000
1.000000
1.000000
1.000000
1.000000
1.000000
0.161605
1.000000
0.999994
0.008321
1.000000
1.000000
1.000000
1.000000
0.998305
1.000000
1.000000
1.000000
1.000000
1.000000
0.975365
1.000000
1.000000
0.796695
0.999925
1.000000
1.000000
1.000000
1.000000
1.000000
1.000000
0.997049
1.000000
1.000000
1.000000
1.000000
1.000000
1.000000
1.000000
1.000000
1.000000
1.000000
0.966786
1.000000
1.000000
0.994725
1.000000
1.000000
0.998486
0.999988
1.000000
1.000000
0.999816
1.000000
1.000000
1.000000
1.000000
1.000000
1.000000
0.997117
1.000000
1.000000
1.000000
0.998748
0.377195
1.000000
0.735920
1.000000
1.000000
1.000000
1.000000
1.000000
0.431267
1.000000
1.000000
0.185620
1.000000
0.999980
1.000000
0.498347
1.000000
1.000000
0.996083
1.000000
0.287339
0.428872
1.000000
1.000000
