0.350995
0.504567
0.465056
0.085804
0.460624
0.996832
0.570783
0.212284
0.471260
0.430464
0.119589
0.348721
0.361890
0.526076
0.601893
0.488574
0.326354
0.326354
0.309615
0.777283
0.296891
0.496281
0.712900
0.546630
0.665592
0.885614
0.422965
0.475373
0.484757
0.393494
0.950966
0.216891
0.524665
0.983394
0.301531
0.453661
0.492242
0.304730
0.997576
0.511891
0.482056
0.648868
0.616345
0.183443
0.093803
0.069323
0.366157
0.092182
0.464088
0.483992
0.385520
0.083491
0.501687
0.375716
0.651922
0.440111
0.383644
0.502970
0.484668
0.304181
0.405788
0.432967
0.234869
0.485036
0.504843
0.482956
0.368656
0.536831
0.711122
0.538077
0.522671
0.134798
0.553530
0.492841
0.983697
0.152242
0.099187
0.373579
0.413409
0.338194
0.516793
0.424082
0.455080
0.200112
0.042050
0.375924
0.282331
0.419565
0.200386
0.454442
0.640501
0.469973
0.277745
0.063552
0.088621
0.353421
0.092685
0.571365
0.080039
0.999906
0.999805
0.318976
0.318218
0.997992
0.308810
0.304009
0.581707
0.997194
0.012111
0.494158
0.323321
0.183292
0.008086
0.429758
0.505730
0.272122
0.280829
0.053455
0.483136
0.567018
0.470632
0.193506
0.002685
0.012127
0.889229
0.523385
0.228830
0.133503
0.885761
0.469897
0.924413
0.353724
0.402983
0.182597
0.462829
0.332752
0.428305
0.030397
0.432889
0.184070
0.510286
0.518999
0.596797
0.985870
0.855082
0.008086
0.214824
0.202771
0.956828
0.485083
0.561154
0.715916
0.999269
0.499615
0.993830
0.204820
0.525299
0.379029
0.652610
0.947022
0.625438
0.933941
0.566987
0.984971
0.426721
0.227488
0.990457
0.869689
0.719385
0.559231
0.527066
0.997483
0.454767
0.163994
0.697979
0.998639
0.014976
0.181651
0.465335
0.572249
0.384883
0.973655
0.990205
0.951977
0.124260
0.931739
0.259048
0.623615
0.146060
0.210393
0.767211
0.092259
0.070230
0.122804
0.196880
0.848060
0.212895
0.104862
0.244016
0.308272
0.066972
0.436550
0.385733
0.600320
0.121718
0.002685
0.074638
0.470098
0.397193
0.133168
0.044700
0.217050
0.057733
0.198136
0.193577
0.717239
0.389220
0.365327
0.162196
0.073782
0.109396
0.116119
0.163474
0.093749
0.468021
0.367139
0.009749
0.631224
0.444616
0.239140
0.217289
0.058886
0.075107
0.132345
0.122058
0.161224
0.149222
0.119508
0.081823
0.038880
0.195015
0.078945
0.049083
0.294114
0.042626
0.125280
0.209070
0.200912
0.196795
0.951677
0.004373
0.192897
0.309385
0.268510
0.056915
0.050458
0.395884
0.251861
0.198230
0.506653
0.367421
0.438641
0.148876
0.101973
0.442868
0.341580
0.114515
0.114515
0.192284
0.138811
0.064285
0.188351
0.619916
0.340257
0.192100
0.319665
0.095503
0.291218
0.404441
0.042626
0.237952
0.483173
0.426348
0.093960
0.480809
0.250269
0.213108
0.035290
0.514442
0.087204
0.154306
0.345571
0.115547
0.247212
0.682015
0.426539
0.479033
0.135381
0.998674
0.264009
0.431090
0.486112
0.968151
0.154148
0.008086
0.350966
0.125728
0.458689
0.063490
0.398448
0.993511
0.494477
0.344832
0.998250
0.126778
0.986004
0.973574
0.549013
0.160120
0.880617
0.004881
0.197493
0.579406
0.492931
0.492183
0.128093
0.539356
0.047689
0.816555
0.999907
0.003559
0.999056
0.124623
0.887330
0.998037
0.026575
0.387367
0.354191
0.333376
0.280129
0.998006
0.445384
0.531830
0.564865
0.950087
0.104382
0.404141
0.128391
0.070178
0.485675
0.876678
0.629183
0.481792
0.692187
0.068049
0.286710
0.999246
0.426294
0.480589
0.471460
0.463483
0.517629
0.999021
0.988475
0.878670
0.313507
0.482608
0.217363
0.357386
0.531330
0.567081
0.335999
0.432331
0.807266
0.207170
0.370157
0.066630
0.337632
0.067971
0.496026
0.993791
0.538881
0.453076
0.008086
0.999967
0.050617
0.999478
0.080287
0.947727
0.999383
0.911444
0.577644
0.999869
0.161869
0.939050
0.139575
0.998442
0.812735
0.546789
0.847761
0.641712
0.674887
0.002685
0.989406
0.560384
0.411075
0.142774
0.999854
0.968022
0.992835
0.565514
0.986962
0.560876
0.997265
0.322502
0.488136
0.381622
0.750714
0.997821
0.325413
0.166653
0.392910
0.950096
0.813016
0.999878
0.311972
0.772053
0.365775
0.889203
0.804133
0.998483
0.036867
0.299900
0.947589
0.095920
0.968995
0.091347
0.348337
0.163460
0.495348
0.372333
0.999741
0.079220
0.997113
0.347081
0.444318
0.989602
0.131626
0.290308
0.681270
0.658261
0.448210
0.342226
0.821225
0.997271
0.999918
0.486764
0.372719
0.274567
0.090328
0.457737
0.826996
0.037942
0.600278
0.027549
0.977150
0.724598
0.999903
0.990000
0.374101
0.724598
0.536534
0.627441
0.994685
0.107137
0.469877
0.642781
0.470447
0.071350
0.506941
0.485522
0.999922
0.999540
0.035290
0.716391
0.999664
0.892955
0.164127
0.505706
0.410702
0.706718
0.959915
0.999172
0.997330
0.960694
0.997283
0.989856
0.999963
0.996763
0.484723
0.999993
0.949095
0.962945
0.471690
0.060926
0.999520
0.518666
0.999991
0.419137
0.992315
0.538266
0.513975
0.834183
0.421227
0.074638
0.151784
0.430574
0.999652
0.999554
0.996171
0.999001
0.999969
0.985375
0.999854
0.997876
0.975803
0.521155
0.318744
0.422255
0.525524
0.999990
0.154288
0.761162
0.411170
0.909569
0.424578
0.050950
0.999832
0.646019
0.999650
0.032844
0.998202
0.211362
0.761588
0.075673
0.964867
0.130653
0.999905
0.999807
0.038880
0.604950
0.999733
0.999843
0.383670
0.523134
0.504737
0.993748
0.999978
0.042626
0.951920
0.999821
0.421553
0.459765
0.813535
0.092172
0.923977
0.545027
0.440147
0.275523
0.718036
0.965602
0.371259
0.999843
0.958322
0.974428
0.783407
0.998258
0.992429
0.545586
0.606126
0.946658
0.440557
0.559293
0.474653
0.998144
0.038602
0.997582
0.012509
0.297789
0.998590
0.603466
0.477026
0.997802
0.658506
0.428872
0.512593
0.513310
0.193299
0.550456
0.961878
0.994492
0.112719
0.505712
0.145675
0.283050
0.064608
0.998022
0.465480
0.988924
0.987308
0.925879
0.132715
0.642422
0.343771
0.560757
0.303258
0.056200
0.192897
0.498610
0.302823
0.547516
0.880605
0.565476
0.999243
0.459061
0.017356
0.288882
0.466844
0.175386
0.612811
0.952948
0.305332
0.498632
0.554353
0.445947
0.523383
0.866154
0.972306
0.274785
0.688818
0.078047
0.447506
0.992198
0.981963
0.994868
